((("time_it" .
	[1 0 0 0 0 0 0])
  ("vec_len" .
	[10 0 0 0 0 0 0])
  ("vbx_malloc" .
	[1 0 0 0 0 0 0 0 0 0])
  ("in" .
	[2 0])
  ("emacs" .
	[1 0 0 0 0])
  ("func" .
	[5 0 0 0])
  ("fun" .
	[2 0 0])
  ("sum" .
	[1 0 0])
  ("2" .
	[1])
  ("3" .
	[1])
  ("v_w" .
	[3 0 0])
  ("v_x" .
	[2 0 0])
  ("v_y" .
	[3 0 0])
  ("vbxx_acc_3D" .
	[1 0 0 0 0 0 0 0 0 0 0])
  ("vbxx_acc_dim" .
	[1 0 0 0 0 0 0 0 0 0 0 0])
  ("vbxx_acc" .
	[2 0 0 0 0 0 0 0])
  ("get_sp_ptr" .
	[0 0 0 0 0 0 2 0 0 1])
  ("to_ret" .
	[2 0 0 0 0 1])
  ("vbxx" .
	[2 0 0 0])
  ("dim" .
	[5 0 0])
  ("Matrix" .
	[2 0 0 1 1 1])
  ("dot_product" .
	[0 0 0 1 1 0 0 0 0 0 0])
  ("XILINX_TOOLS" .
	[0 0 0 2 1 0 0 0 0 0 0 0])
  ("into" .
	[2 0 0 0])
  ("vl" .
	[2 0])
  ("current_start" .
	[6 0 0 0 0 0 0 0 0 0 0 0 0])
  ("len_left" .
	[1 0 0 0 0 1 0 0])
  ("buf_size" .
	[0 0 1 3 1 1 0 0])
  ("current_end" .
	[2 0 0 2 1 1 1 0 0 0 1])
  ("tmp2" .
	[1 0 0 0])
  ("tmp1" .
	[7 0 0 0])
  ("sp_size" .
	[0 0 1 0 1 1 0])
  ("vbx_sp_malloc" .
	[0 0 0 0 0 0 1 0 0 2 0 0 0])
  ("absolute_diff" .
	[0 0 0 1 0 0 0 0 0 0 0 0 0])
  ("len" .
	[12 0 0])
  ("unsign_conv" .
	[5 0 0 0 0 0 0 0 0 0 0])
  ("sign_conv" .
	[5 0 0 0 0 0 0 0 0])
  ("sD" .
	[6 0])
  ("unsign" .
	[1 0 0 0 0 0])
  ("sign" .
	[7 0 0 0])
  ("inc2" .
	[7 0 0 0])
  ("d3" .
	[1 0])
  ("clean" .
	[1 0 0 0 0])
  ("SV" .
	[2 0])
  ("VE" .
	[1 0])
  ("VV" .
	[1 0])
  ("clean_dst" .
	[2 0 1 0 0 0 0 0 0])
  ("GET_FLG_ADDR" .
	[0 0 0 0 0 2 0 0 0 0 0 0])
  ("cleanB" .
	[4 0 0 0 0 0])
  ("cleanA" .
	[3 0 0 0 0 0])
  ("new_dst" .
	[0 0 0 0 1 0 0])
  ("dst" .
	[2 0 0])
  ("dest" .
	[9 0 0 1])
  ("srcB" .
	[10 0 0 0])
  ("srcA" .
	[15 0 0 0])
  ("Wbad_sp_ptr_flag" .
	[0 0 0 0 0 0 0 0 0 0 0 0 0 0 0 1])
  ("clean_sp_ptr" .
	[0 0 0 4 1 5 1 0 1 1 0 3])
  ("warn_if_bad_ptr" .
	[0 0 0 1 9 0 0 0 0 0 0 0 0 0 0])
  ("base" .
	[5 0 0 0])
  ("uint32_t" .
	[0 0 0 1 0 0 0 0])
  ("ptr" .
	[7 0 0])
  ("scratchpad_end" .
	[2 0 0 0 0 0 0 0 0 0 0 0 0 0])
  ("tmp" .
	[3 0 0])
  ("scratchpad_addr" .
	[2 0 0 0 0 0 0 0 0 0 0 0 1 0 0])
  ("scratchpad" .
	[1 0 0 0 0 0 0 0 0 2])
  ("switch" .
	[1 0 1 0 1 0])
  ("dest_offset" .
	[2 0 0 0 0 0 2 0 0 0 0])
  ("0xDB6D" .
	[0 0 1 0 0 0])
  ("buf" .
	[2 0 0])
  ("endl" .
	[1 0 0 0])
  ("cout" .
	[2 0 0 0])
  ("inc3" .
	[3 0 0 0])
  ("var" .
	[2 0 0])
  ("src" .
	[2 0 0])
  ("get" .
	[1 0 0])
  ("dimensions" .
	[0 0 0 1 0 0 0 0 0 7])
  ("dest_dim" .
	[4 0 0 0 0 0 0 0])
  ("parameter" .
	[1 0 0 0 0 0 0 0 0])
  ("Dim" .
	[5 0 0])
  ("struct" .
	[2 0 0 0 0 0])
  ("setq" .
	[1 0 0 0])
  ("result" .
	[1 0 0 0 0 0])
  ("pop" .
	[1 0 0])
  ("foo" .
	[6 0 0])
  ("push" .
	[1 0 0 0])
  ("retval" .
	[2 0 0 0 0 0])
  ("signed" .
	[3 0 0 0 0 0])
  ("char" .
	[6 0 0 0])
  ("typecheck" .
	[0 0 0 0 0 0 1 0 1])
  ("HOME" .
	[1 0 0 0])
  ("sa" .
	[4 0])
  ("b" .
	[1])
  ("buffer" .
	[10 0 0 0 0 0])
  ("Vector" .
	[3 0 0 0 0 0])
  ("typename" .
	[6 0 0 0 0 0 0 0])
  ("template" .
	[6 0 0 0 0 0 0 0])
  ("namespace" .
	[1 0 0 0 0 0 0 0 0])
  ("VBX" .
	[6 0 0])
  ("s_word" .
	[2 0 0 0 0 0])
  ("enumerate" .
	[0 0 0 0 0 0 0 0 1])
  ("v_dest_word" .
	[1 0 0 0 0 0 0 0 1 1 1])
  ("recompile" .
	[1 0 0 0 0 0 0 0 0])
  ("filenames" .
	[0 0 0 0 0 0 1 0 0])
  ("pack_start" .
	[0 0 0 0 1 0 0 0 0 0])
  ("vbox" .
	[1 0 0 0])
  ("label" .
	[4 0 0 0 0])
  ("None" .
	[2 0 0 0])
  ("True" .
	[3 0 0 0])
  ("100" .
	[1 0 0])
  ("main_quit" .
	[0 0 0 0 0 1 0 0 0])
  ("main" .
	[1 0 0 0])
  ("wake_up" .
	[0 0 0 1 1 0 0])
  ("signal" .
	[4 0 0 0 0 1])
  ("sql" .
	[2 0 0])
  ("Dialog" .
	[1 0 0 0 0 0])
  ("value" .
	[1 0 0 0 0])
  ("entry" .
	[2 0 0 0 0])
  ("insert_entry" .
	[0 0 0 0 0 0 0 1 0 0 0 0])
  ("r_d" .
	[1 0 0])
  ("log" .
	[1 0 0])
  ("username" .
	[1 0 0 0 0 0 0 0])
  ("execute" .
	[1 0 0 0 0 0 0])
  ("log_entry" .
	[1 0 0 0 0 0 0 0 0])
  ("date" .
	[2 0 0 0])
  ("from" .
	[1 0 0 0])
  ("getpass" .
	[1 0 0 0 0 0 0])
  ("cur" .
	[3 0 0])
  ("conn" .
	[3 0 0 0])
  ("sqlite3" .
	[0 0 0 2 0 0 0])
  ("def" .
	[2 0 0])
  ("import" .
	[4 0 0 0 0 0])
  ("on_submit" .
	[0 0 0 0 0 0 1 0 0])
  ("connect" .
	[1 0 0 0 1 0 0])
  ("submit" .
	[3 0 0 1 0 0])
  ("self" .
	[10 0 0 0])
  ("check_R_D" .
	[3 0 0 0 0 0 1 0 0])
  ("Window" .
	[1 0 0 0 0 0])
  ("Gtk" .
	[5 0 0])
  ("ms_per_sec" .
	[0 0 2 1 0 0 0 0 0 0])
  ("freq" .
	[3 0 0 0])
  ("float" .
	[4 0 1 0 0])
  ("start" .
	[5 0 0 0 0])
  ("milliseconds" .
	[4 0 0 1 2 1 0 0 0 0 0 0])
  ("MODE_VECTOR_EDGE_DETECT" .
	[1 0 0 0 0 0 0 0 1 0 0 0 0 0 0 0 0 0 0 0 0 0 0])
  ("_cond_set_LT" .
	[0 0 0 0 0 0 0 0 0 0 0 1])
  ("_cond_set_array" .
	[3 0 0 0 0 0 0 0 0 0 0 1 0 0 0])
  ("n" .
	[8])
  ("VVW" .
	[9 0 0])
  ("predicate" .
	[1 0 0 0 0 1 0 0 0])
  ("VCMV_LTZ" .
	[1 0 0 0 0 0 0 0])
  ("NEQ" .
	[2 0 0])
  ("break" .
	[8 0 0 0 0])
  ("case" .
	[9 0 0 0])
  ("pred" .
	[1 0 0 0])
  ("operand" .
	[4 0 0 0 0 0 0])
  ("cond_set" .
	[0 0 0 0 0 1 0 1])
  ("EQU" .
	[1 0 1])
  ("GEQ" .
	[2 0 0])
  ("LEQ" .
	[2 0 0])
  ("GT" .
	[2 0])
  ("LT" .
	[2 0])
  ("prev_comparison" .
	[0 0 0 0 1 1 2 1 0 0 0 0 0 0 0])
  ("NONE" .
	[5 0 0 0])
  ("temp_count" .
	[1 0 0 0 0 0 1 0 0 0])
  ("prev_op" .
	[3 0 0 0 0 1 0])
  ("it" .
	[2 0])
  ("0x80000000" .
	[1 0 0 0 0 0 0 0 0 0])
  ("50" .
	[1 0])
  ("1" .
	[1])
  ("allocations" .
	[1 0 0 0 0 0 0 0 0 0 0])
  ("vbx_sp_pop" .
	[2 0 0 0 0 0 0 1 0 0])
  ("vbx_sp_push" .
	[0 0 0 0 0 0 1 0 0 1 2])
  ("created" .
	[1 0 0 0 0 0 0])
  ("unsigned" .
	[15 0 0 3 0 1 0 14])
  ("vbx_void_t" .
	[1 0 0 0 0 0 1 0 0 0])
  ("vbx_sp_get" .
	[0 0 0 0 0 0 0 0 0 1])
  ("vd" .
	[1 0])
  ("newsp" .
	[2 0 0 0 0])
  ("cursp" .
	[2 0 0 0 0])
  ("25" .
	[1 0])
  ("SVW" .
	[4 0 0])
  ("vbx_uword_t" .
	[0 0 0 0 0 1 0 0 0 1 2])
  ("verify" .
	[1 0 0 0 1 0])
  ("scal_vect" .
	[1 0 0 0 0 1 0 0 0])
  ("vect_scal" .
	[1 0 0 0 0 2 0 0 0])
  ("vs" .
	[1 0])
  ("bool" .
	[1 0 0 0])
  ("VSUB" .
	[2 0 0 0])
  ("ptemp" .
	[1 0 0 0 0])
  ("friend" .
	[7 0 0 0 1 2])
  ("if" .
	[17 0])
  ("VXOR" .
	[2 0 0 0])
  ("operator" .
	[52 0 0 0 1 0 0 7])
  ("reuse_temp" .
	[0 0 0 0 1 0 0 0 0 1])
  ("is_temp" .
	[13 0 0 12 1 1 11])
  ("lhs" .
	[43 0 0])
  ("temp" .
	[50 0 0 0])
  ("reuse" .
	[1 0 0 0 0])
  ("vector" .
	[5 0 0 0 0 0])
  ("0x0F0F0F0F" .
	[10 0 2 0 0 0 0 0 0 0])
  ("TEST_VECTOR_SIZE" .
	[0 0 0 0 2 0 0 0 0 0 0 0 0 0 0 1])
  ("t" .
	[23])
  ("data_size" .
	[5 0 0 0 0 2 0 0 1])
  ("rhs" .
	[62 0 0])
  ("vector_size" .
	[1 0 0 0 1 0 1 0 0 0 0])
  ("va" .
	[29 0])
  ("vc" .
	[8 0])
  ("vb" .
	[17 0])
  ("operation_function_array" .
	[0 0 0 0 0 0 0 0 0 1 0 0 0 0 0 0 0 0 0 0 0 0 0 0])
  ("SUB" .
	[3 0 0])
  ("static" .
	[18 0 0 0 0 0])
  ("operation_function_t" .
	[0 0 0 0 0 0 0 0 0 0 0 1 0 0 0 0 0 0 0 0])
  ("d" .
	[13])
  ("ADD" .
	[3 0 0])
  ("operandC" .
	[1 0 0 0 0 0 0 0])
  ("operandA" .
	[1 0 0 0 0 0 0 0])
  ("child" .
	[1 0 0 0 0])
  ("ot" .
	[5 0])
  ("a" .
	[1])
  ("NULL" .
	[6 0 0 0])
  ("optype" .
	[4 0 0 0 1 0])
  ("enum" .
	[3 0 0 0])
  ("c" .
	[15])
  ("class" .
	[16 0 0 0 0])
  ("s" .
	[18])
  ("arity" .
	[6 0 0 0 0])
  ("public" .
	[9 0 0 0 0 0])
  ("hpp" .
	[1 0 0])
  ("vbx_opnode" .
	[7 0 0 0 1 2 3 5 0 2])
  ("include" .
	[11 0 0 0 0 0 0])
  ("void" .
	[28 0 0 0])
  ("vector_grayscale" .
	[0 0 0 0 0 0 0 0 0 0 0 0 0 0 0 1])
  ("pixel" .
	[1 0 0 1 0])
  ("image" .
	[2 0 0 0 0])
  ("int" .
	[100 0 0])
  ("vbx_word_t" .
	[4 0 0 3 0 1 2 0 0 1])
  ("v_red_temp" .
	[0 0 0 0 3 0 0 0 0 0])
  ("vbx" .
	[39 0 0])
  ("VMOV" .
	[9 0 0 0])
  ("for" .
	[8 0 0])
  ("IMAGE_WIDTH" .
	[1 0 0 0 0 0 0 1 0 0 2])
  ("i" .
	[29])
  ("grntemp" .
	[4 0 0 2 1 0 0])
  ("10" .
	[4 0])
  ("redtemp" .
	[4 0 0 1 0 0 1])
  ("bluetemp" .
	[1 0 0 1 1 1 0 1])
  ("g" .
	[1])
  ("grey" .
	[4 0 0 0])
  ("IMAGE_HEIGHT" .
	[2 0 0 0 0 1 0 0 0 0 0 3])
  ("vbx_set_vl" .
	[0 0 0 0 0 0 1 0 0 1])
  ("sizeof" .
	[9 0 0 0 0 0])
  ("VAND" .
	[5 0 0 0])
  ("v_orig" .
	[8 0 0 2 6 2])
  ("VSHR" .
	[11 0 0 0])
  ("0" .
	[7])
  ("16" .
	[4 0])
  ("SVWU" .
	[2 0 0 0])
  ("V" .
	[6])
  ("VMUL" .
	[4 0 0 0])
  ("v_grn_temp" .
	[0 0 1 1 1 2 1 1 0 1])
  ("VOR" .
	[4 0 0])
  ("VSHL" .
	[7 0 0 0])
  ("0xFF" .
	[1 0 0 0])
  ("0x0000FF00" .
	[1 0 0 0 0 0 0 0 0 0])
  ("0xFF0000" .
	[1 0 1 0 0 0 0 0])
  ("VADD" .
	[6 0 0 0])
  ("v_blu_temp" .
	[0 0 0 0 8 2 0 0 0 0])
  ("VVWU" .
	[3 0 0 0])
  ("vbx_sync" .
	[1 0 0 0 0 0 6 1])
  ("printf" .
	[52 0 0 0 0 1])
  ("color" .
	[1 0 0 0 0])
  ("14" .
	[1 0])
  ("test" .
	[6 0 0 0])
  ("member" .
	[3 0 0 0 0 0])
  ("other" .
	[2 0 0 0 0])
  ("return" .
	[20 0 1 0 0 0])
  ("data" .
	[47 0 0 0])
  ("size" .
	[14 0 0 1])
  ("vectSize" .
	[1 0 0 0 0 1 0 0])
  ("vbx_set_v1" .
	[1 0 0 0 0 0 0 0 0 0])
  ("this" .
	[41 0 0 0])
  ("copy" .
	[4 0 0 0])
  ("vbx_vector" .
	[21 0 0 0 1 1 1 1 1 55])
  ("const" .
	[3 0 0 0 0])
  ("copy_helper" .
	[0 0 0 0 0 0 1 0 0 0 0])
  ("new" .
	[2 0 0])
  ("new_data" .
	[1 0 0 0 0 0 0 0])
  ("get_data" .
	[2 0 0 0 0 0 0 0])
  ("vbx_dma_to_vector" .
	[0 0 0 0 0 0 0 0 1 0 0 0 0 0 0 0 2])
  ("alias" .
	[3 0 0 0 0])
  ("dma_both" .
	[1 0 0 0 0 0 0 0])
  ("time" .
	[7 0 0 0])
  ("time_stop" .
	[0 0 0 0 0 0 1 0 2])
  ("time_start" .
	[1 0 0 0 0 0 0 0 2 0])
  ("vbx_timestamp" .
	[0 0 0 0 0 0 0 0 0 0 0 0 4])
  ("debug" .
	[14 0 0 0 0])
  ("time_end" .
	[0 0 0 0 0 1 0 0])
  ("ifndef" .
	[4 0 0 1 0 0])
  ("endif" .
	[9 0 0 0 0])
  ("NO_DMA" .
	[0 0 2 2 1 0])
  ("ifdef" .
	[4 0 0 0 0])
  ("u" .
	[1])
  ("NO_MATH" .
	[0 0 0 1 2 1 1])
  ("define" .
	[9 0 0 1 0 0])
  ("end" .
	[7 0 0])
  ("e" .
	[1])
  ("vbx_timestamp_t" .
	[0 0 0 0 0 0 0 0 1 0 0 0 0 0 1])
  ("pushing" .
	[3 0 0 0 0 0 0])
  ("popping" .
	[1 0 0 0 0 0 0])
  ("export" .
	[3 0 0 0 0 0])
  ("__TYPES_MACROS_H" .
	[0 0 2 0 0 0 0 0 0 0 0 0 0 0 0 0])
  ("MAC" .
	[2 0 0])
  ("word" .
	[1 0 0 0])
  ("type" .
	[8 0 0 1])
  ("MK_ALL_OP" .
	[0 0 0 0 0 0 1 0 0])
  ("VS_ALL_OP" .
	[0 0 0 1 0 0 0 0 0])
  ("short" .
	[11 0 0 0 0])
  ("obj" .
	[17 0 0])
  ("inc" .
	[3 0 0])
  ("contained" .
	[3 0 0 0 0 3 0 0 0])
  ("get_contained" .
	[0 0 0 0 1 0 0 0 0 0 0 0 0])
  ("Save" .
	[0 0 0 1])
  ("MODE" .
	[1 0 0 0])
  ("OP" .
	[2 0])
  ("ALL_OPERATOR_PROTOTYPE" .
	[0 0 0 1 0 0 0 0 0 0 0 0 0 0 0 0 0 0 0 0 0 0])
  ("Den" .
	[1 0 0])
  ("long" .
	[2 0 0 0])
  ("D_sign" .
	[0 0 3 2 1 0])
  ("printVec" .
	[5 0 0 0 0 0 3 3])
  ("Num" .
	[6 0 0])
  ("get_size" .
	[0 0 0 0 0 0 1 6])
  ("N_sign" .
	[1 0 0 1 3 0])
  ("N" .
	[4])
  ("else" .
	[9 0 0 0])
  ("D" .
	[2])
  ("__VBX_VECTOR_HPP" .
	[0 0 1 0 0 0 0 0 0 0 0 0 0 0 0 0])
  ("-m32" .
	[1 0 0 0])
  ("/lib/vbxtest/" .
	[0 0 0 0 0 0 0 0 0 0 0 0 1])
  ("extern" .
	[4 0 0 0 0 0])
  ("cpp_extern" .
	[0 0 0 0 2 0 0 0 0 0])
  ("m" .
	[2])
  ("Mode" .
	[1 0 0 0])
  ("mode" .
	[1 0 0 0])
  ("typedef" .
	[3 0 0 0 0 0 0])
  ("then" .
	[2 0 0 0])
  ("echo" .
	[2 0 0 0])
  ("type1" .
	[2 0 0 0 0])
  ("type2" .
	[3 0 0 0 0])
  ("uint64_t" .
	[1 0 0 0 0 0 0 0])
  ("num" .
	[3 0 0])
  ("type_convert_to_larger_type" .
	[1 0 0 0 0 0 0 1 0 0 0 0 0 0 0 0 0 0 0 0 0 0 0 0 0 0 0])
  ("convert_to_larger_type" .
	[0 0 0 0 1 0 0 0 0 0 0 0 0 0 0 0 0 0 0 0 0 1])
  ("tmp_enum" .
	[0 0 0 1 0 0 0 0])
  ("v" .
	[1])
  ("vbxsim_custom3" .
	[1 0 0 0 0 0 0 0 0 0 0 0 0 0])
  ("vbxsim_custom2" .
	[1 0 0 0 0 0 0 0 0 0 0 0 0 0])
  ("vbxsim_custom1" .
	[2 0 0 0 0 0 0 0 0 0 0 0 0 0])
  ("atype" .
	[1 0 0 0 0])
  ("print" .
	[1 0 0 0 0])
  ("chk_func_name" .
	[0 0 0 1 0 0 0 0 0 0 0 0 0])
  ("write" .
	[7 0 0 0 0])
  ("vtype" .
	[1 0 0 1 0])
  ("check_funcs" .
	[0 0 0 0 0 1 0 0 0 0 0])
  ("otherinc" .
	[1 0 0 0 0 1 0 0])
  ("inline" .
	[3 0 0 0 0 0])
  ("find" .
	[0 0 1 0])
  ("/dev/null" .
	[0 0 0 0 1 1 0 0 0])
  ("sub" .
	[6 0 0])
  ("sup" .
	[3 0 0])
  ("toret" .
	[0 0 1 0 1])
  ("dir" .
	[2 0 0])))
